2
2
123
4
245
246
7
128
9
4
4
245
246
7
128
9
7
7
128
9
8
8
9
9
63
63
244
185
186
247
68
249
190
191
252
73
254
195
196
257
78
259
200
201
262
83
264
205
206
267
88
269
210
211
272
93
274
215
216
277
98
279
220
221
282
103
284
225
226
287
108
289
230
231
292
113
294
235
236
297
118
250
240
241
2
123
4
245
246
7
128
9
68
68
249
190
191
252
73
254
195
196
257
78
259
200
201
262
83
264
205
206
267
88
269
210
211
272
93
274
215
216
277
98
279
220
221
282
103
284
225
226
287
108
289
230
231
292
113
294
235
236
297
118
250
240
241
2
123
4
245
246
7
128
9
73
73
254
195
196
257
78
259
200
201
262
83
264
205
206
267
88
269
210
211
272
93
274
215
216
277
98
279
220
221
282
103
284
225
226
287
108
289
230
231
292
113
294
235
236
297
118
250
240
241
2
123
4
245
246
7
128
9
78
78
259
200
201
262
83
264
205
206
267
88
269
210
211
272
93
274
215
216
277
98
279
220
221
282
103
284
225
226
287
108
289
230
231
292
113
294
235
236
297
118
250
240
241
2
123
4
245
246
7
128
9
83
83
264
205
206
267
88
269
210
211
272
93
274
215
216
277
98
279
220
221
282
103
284
225
226
287
108
289
230
231
292
113
294
235
236
297
118
250
240
241
2
123
4
245
246
7
128
9
88
88
269
210
211
272
93
274
215
216
277
98
279
220
221
282
103
284
225
226
287
108
289
230
231
292
113
294
235
236
297
118
250
240
241
2
123
4
245
246
7
128
9
93
93
274
215
216
277
98
279
220
221
282
103
284
225
226
287
108
289
230
231
292
113
294
235
236
297
118
250
240
241
2
123
4
245
246
7
128
9
98
98
279
220
221
282
103
284
225
226
287
108
289
230
231
292
113
294
235
236
297
118
250
240
241
2
123
4
245
246
7
128
9
103
103
284
225
226
287
108
289
230
231
292
113
294
235
236
297
118
250
240
241
2
123
4
245
246
7
128
9
108
108
289
230
231
292
113
294
235
236
297
118
250
240
241
2
123
4
245
246
7
128
9
113
113
294
235
236
297
118
250
240
241
2
123
4
245
246
7
128
9
118
118
250
240
241
2
123
4
245
246
7
128
9
123
123
4
245
246
7
128
9
128
128
9
185
185
186
247
68
249
190
191
252
73
254
195
196
257
78
259
200
201
262
83
264
205
206
267
88
269
210
211
272
93
274
215
216
277
98
279
220
221
282
103
284
225
226
287
108
289
230
231
292
113
294
235
236
297
118
250
240
241
2
123
4
245
246
7
128
9
186
186
247
68
249
190
191
252
73
254
195
196
257
78
259
200
201
262
83
264
205
206
267
88
269
210
211
272
93
274
215
216
277
98
279
220
221
282
103
284
225
226
287
108
289
230
231
292
113
294
235
236
297
118
250
240
241
2
123
4
245
246
7
128
9
190
190
191
252
73
254
195
196
257
78
259
200
201
262
83
264
205
206
267
88
269
210
211
272
93
274
215
216
277
98
279
220
221
282
103
284
225
226
287
108
289
230
231
292
113
294
235
236
297
118
250
240
241
2
123
4
245
246
7
128
9
191
191
252
73
254
195
196
257
78
259
200
201
262
83
264
205
206
267
88
269
210
211
272
93
274
215
216
277
98
279
220
221
282
103
284
225
226
287
108
289
230
231
292
113
294
235
236
297
118
250
240
241
2
123
4
245
246
7
128
9
195
195
196
257
78
259
200
201
262
83
264
205
206
267
88
269
210
211
272
93
274
215
216
277
98
279
220
221
282
103
284
225
226
287
108
289
230
231
292
113
294
235
236
297
118
250
240
241
2
123
4
245
246
7
128
9
196
196
257
78
259
200
201
262
83
264
205
206
267
88
269
210
211
272
93
274
215
216
277
98
279
220
221
282
103
284
225
226
287
108
289
230
231
292
113
294
235
236
297
118
250
240
241
2
123
4
245
246
7
128
9
200
200
201
262
83
264
205
206
267
88
269
210
211
272
93
274
215
216
277
98
279
220
221
282
103
284
225
226
287
108
289
230
231
292
113
294
235
236
297
118
250
240
241
2
123
4
245
246
7
128
9
201
201
262
83
264
205
206
267
88
269
210
211
272
93
274
215
216
277
98
279
220
221
282
103
284
225
226
287
108
289
230
231
292
113
294
235
236
297
118
250
240
241
2
123
4
245
246
7
128
9
205
205
206
267
88
269
210
211
272
93
274
215
216
277
98
279
220
221
282
103
284
225
226
287
108
289
230
231
292
113
294
235
236
297
118
250
240
241
2
123
4
245
246
7
128
9
206
206
267
88
269
210
211
272
93
274
215
216
277
98
279
220
221
282
103
284
225
226
287
108
289
230
231
292
113
294
235
236
297
118
250
240
241
2
123
4
245
246
7
128
9
210
210
211
272
93
274
215
216
277
98
279
220
221
282
103
284
225
226
287
108
289
230
231
292
113
294
235
236
297
118
250
240
241
2
123
4
245
246
7
128
9
211
211
272
93
274
215
216
277
98
279
220
221
282
103
284
225
226
287
108
289
230
231
292
113
294
235
236
297
118
250
240
241
2
123
4
245
246
7
128
9
215
215
216
277
98
279
220
221
282
103
284
225
226
287
108
289
230
231
292
113
294
235
236
297
118
250
240
241
2
123
4
245
246
7
128
9
216
216
277
98
279
220
221
282
103
284
225
226
287
108
289
230
231
292
113
294
235
236
297
118
250
240
241
2
123
4
245
246
7
128
9
220
220
221
282
103
284
225
226
287
108
289
230
231
292
113
294
235
236
297
118
250
240
241
2
123
4
245
246
7
128
9
221
221
282
103
284
225
226
287
108
289
230
231
292
113
294
235
236
297
118
250
240
241
2
123
4
245
246
7
128
9
225
225
226
287
108
289
230
231
292
113
294
235
236
297
118
250
240
241
2
123
4
245
246
7
128
9
226
226
287
108
289
230
231
292
113
294
235
236
297
118
250
240
241
2
123
4
245
246
7
128
9
230
230
231
292
113
294
235
236
297
118
250
240
241
2
123
4
245
246
7
128
9
231
231
292
113
294
235
236
297
118
250
240
241
2
123
4
245
246
7
128
9
235
235
236
297
118
250
240
241
2
123
4
245
246
7
128
9
236
236
297
118
250
240
241
2
123
4
245
246
7
128
9
240
240
241
2
123
4
245
246
7
128
9
241
241
2
123
4
245
246
7
128
9
244
244
185
186
247
68
249
190
191
252
73
254
195
196
257
78
259
200
201
262
83
264
205
206
267
88
269
210
211
272
93
274
215
216
277
98
279
220
221
282
103
284
225
226
287
108
289
230
231
292
113
294
235
236
297
118
250
240
241
2
123
4
245
246
7
128
9
245
245
246
7
128
9
246
246
7
128
9
247
247
68
249
190
191
252
73
254
195
196
257
78
259
200
201
262
83
264
205
206
267
88
269
210
211
272
93
274
215
216
277
98
279
220
221
282
103
284
225
226
287
108
289
230
231
292
113
294
235
236
297
118
250
240
241
2
123
4
245
246
7
128
9
249
249
190
191
252
73
254
195
196
257
78
259
200
201
262
83
264
205
206
267
88
269
210
211
272
93
274
215
216
277
98
279
220
221
282
103
284
225
226
287
108
289
230
231
292
113
294
235
236
297
118
250
240
241
2
123
4
245
246
7
128
9
250
250
240
241
2
123
4
245
246
7
128
9
252
252
73
254
195
196
257
78
259
200
201
262
83
264
205
206
267
88
269
210
211
272
93
274
215
216
277
98
279
220
221
282
103
284
225
226
287
108
289
230
231
292
113
294
235
236
297
118
250
240
241
2
123
4
245
246
7
128
9
254
254
195
196
257
78
259
200
201
262
83
264
205
206
267
88
269
210
211
272
93
274
215
216
277
98
279
220
221
282
103
284
225
226
287
108
289
230
231
292
113
294
235
236
297
118
250
240
241
2
123
4
245
246
7
128
9
257
257
78
259
200
201
262
83
264
205
206
267
88
269
210
211
272
93
274
215
216
277
98
279
220
221
282
103
284
225
226
287
108
289
230
231
292
113
294
235
236
297
118
250
240
241
2
123
4
245
246
7
128
9
259
259
200
201
262
83
264
205
206
267
88
269
210
211
272
93
274
215
216
277
98
279
220
221
282
103
284
225
226
287
108
289
230
231
292
113
294
235
236
297
118
250
240
241
2
123
4
245
246
7
128
9
262
262
83
264
205
206
267
88
269
210
211
272
93
274
215
216
277
98
279
220
221
282
103
284
225
226
287
108
289
230
231
292
113
294
235
236
297
118
250
240
241
2
123
4
245
246
7
128
9
264
264
205
206
267
88
269
210
211
272
93
274
215
216
277
98
279
220
221
282
103
284
225
226
287
108
289
230
231
292
113
294
235
236
297
118
250
240
241
2
123
4
245
246
7
128
9
267
267
88
269
210
211
272
93
274
215
216
277
98
279
220
221
282
103
284
225
226
287
108
289
230
231
292
113
294
235
236
297
118
250
240
241
2
123
4
245
246
7
128
9
269
269
210
211
272
93
274
215
216
277
98
279
220
221
282
103
284
225
226
287
108
289
230
231
292
113
294
235
236
297
118
250
240
241
2
123
4
245
246
7
128
9
272
272
93
274
215
216
277
98
279
220
221
282
103
284
225
226
287
108
289
230
231
292
113
294
235
236
297
118
250
240
241
2
123
4
245
246
7
128
9
274
274
215
216
277
98
279
220
221
282
103
284
225
226
287
108
289
230
231
292
113
294
235
236
297
118
250
240
241
2
123
4
245
246
7
128
9
277
277
98
279
220
221
282
103
284
225
226
287
108
289
230
231
292
113
294
235
236
297
118
250
240
241
2
123
4
245
246
7
128
9
279
279
220
221
282
103
284
225
226
287
108
289
230
231
292
113
294
235
236
297
118
250
240
241
2
123
4
245
246
7
128
9
282
282
103
284
225
226
287
108
289
230
231
292
113
294
235
236
297
118
250
240
241
2
123
4
245
246
7
128
9
284
284
225
226
287
108
289
230
231
292
113
294
235
236
297
118
250
240
241
2
123
4
245
246
7
128
9
287
287
108
289
230
231
292
113
294
235
236
297
118
250
240
241
2
123
4
245
246
7
128
9
289
289
230
231
292
113
294
235
236
297
118
250
240
241
2
123
4
245
246
7
128
9
292
292
113
294
235
236
297
118
250
240
241
2
123
4
245
246
7
128
9
294
294
235
236
297
118
250
240
241
2
123
4
245
246
7
128
9
297
297
118
250
240
241
2
123
4
245
246
7
128
9
