0017000000000000000000000000000000000000
0017080000000000000000000000000000000000
0000080000000000000000000000000000000000
0000000000000000000000000000000000000000
0016000000000000000000000000000000000000
0000000000000000000000000000000000000000
0016000000000000000000000000000000000000
0000000000000000000000000000000000000000
0016000000000000000000000000000000000000
0000000000000000000000000000000000000000
002a000000000000000000000000000000000000
0000000000000000000000000000000000000000
002a000000000000000000000000000000000000
0000000000000000000000000000000000000000
002a000000000000000000000000000000000000
0000000000000000000000000000000000000000
002a000000000000000000000000000000000000
0000000000000000000000000000000000000000
002a000000000000000000000000000000000000
0000000000000000000000000000000000000000
0028000000000000000000000000000000000000
0000000000000000000000000000000000000000
0200000000000000000000000000000000000000
0215000000000000000000000000000000000000
0200000000000000000000000000000000000000
0204000000000000000000000000000000000000
0200000000000000000000000000000000000000
0210000000000000000000000000000000000000
0200000000000000000000000000000000000000
0204000000000000000000000000000000000000
0200000000000000000000000000000000000000
0207000000000000000000000000000000000000
0200000000000000000000000000000000000000
0204000000000000000000000000000000000000
0200000000000000000000000000000000000000
0211000000000000000000000000000000000000
0200000000000000000000000000000000000000
022f000000000000000000000000000000000000
0200000000000000000000000000000000000000
0000000000000000000000000000000000000000
0008000000000000000000000000000000000000
0000000000000000000000000000000000000000
0004000000000000000000000000000000000000
0000000000000000000000000000000000000000
0016000000000000000000000000000000000000
0000000000000000000000000000000000000000
001c000000000000000000000000000000000000
0000000000000000000000000000000000000000
0200000000000000000000000000000000000000
022d000000000000000000000000000000000000
0200000000000000000000000000000000000000
020e000000000000000000000000000000000000
0200000000000000000000000000000000000000
0000000000000000000000000000000000000000
0020000000000000000000000000000000000000
0000000000000000000000000000000000000000
001c000000000000000000000000000000000000
0000000000000000000000000000000000000000
0005000000000000000000000000000000000000
0000000000000000000000000000000000000000
0027000000000000000000000000000000000000
0000000000000000000000000000000000000000
0004000000000000000000000000000000000000
0000000000000000000000000000000000000000
0015000000000000000000000000000000000000
0000000000000000000000000000000000000000
0007000000000000000000000000000000000000
0000000000000000000000000000000000000000
0200000000000000000000000000000000000000
022d000000000000000000000000000000000000
0200000000000000000000000000000000000000
020b000000000000000000000000000000000000
0200000000000000000000000000000000000000
020c000000000000000000000000000000000000
0200000000000000000000000000000000000000
0207000000000000000000000000000000000000
0200000000000000000000000000000000000000
0227000000000000000000000000000000000000
0200000000000000000000000000000000000000
022d000000000000000000000000000000000000
0200000000000000000000000000000000000000
0000000000000000000000000000000000000000
002a000000000000000000000000000000000000
0000000000000000000000000000000000000000
002a000000000000000000000000000000000000
0000000000000000000000000000000000000000
0200000000000000000000000000000000000000
022d000000000000000000000000000000000000
0200000000000000000000000000000000000000
0000000000000000000000000000000000000000
0018000000000000000000000000000000000000
0000000000000000000000000000000000000000
0016000000000000000000000000000000000000
0000000000000000000000000000000000000000
0021000000000000000000000000000000000000
0000000000000000000000000000000000000000
0200000000000000000000000000000000000000
020a000000000000000000000000000000000000
0200000000000000000000000000000000000000
0000000000000000000000000000000000000000
0008000000000000000000000000000000000000
0000000000000000000000000000000000000000
0200000000000000000000000000000000000000
0230000000000000000000000000000000000000
0200000000000000000000000000000000000000
0000000000000000000000000000000000000000
001c000000000000000000000000000000000000
0000000000000000000000000000000000000000
0008000000000000000000000000000000000000
0000000000000000000000000000000000000000
0008000000000000000000000000000000000000
0000000000000000000000000000000000000000
0008000000000000000000000000000000000000
0000000000000000000000000000000000000000
0008000000000000000000000000000000000000
0000000000000000000000000000000000000000
001c000000000000000000000000000000000000
0000000000000000000000000000000000000000
