00000000000000000000000000000000
00000111101000000000000000000000
00001100001000000000000000000000
00000001011000000000000000000000
00000111101000000000000000000000
00000011001000000000000000000000
00000000011000000000000000000000
00000010111000000000000000000000
00001001111000000000000000000000
00000101001000000000000000000000
00001011001000000000000000000000
00001011011000000000000000000000
00001011001000000000000000000000
00000001011000000000000000000000
00001100101000000000000000000000
00000100101000000000000000000000
00001010001000000000000000000000
